isometric: (0.253241 0.080063 0.122493)
Right: (0.283162 0.195311 0.13617)
Top: (0.119536 0.091099 0.13617)
Front: (0.123529 0.192706 0.091371)

IsometricD: (38.3965 -27.7492 -28.5809)